%% Вариант 14
wnom = 706;
Mnom = 13.7;
Mp = 24.7;
J1 = 0.008;
J2 = 0.0025;
C12 = 300;
Te = 50/1000;
Tpr = 10/1000;
Kpr = 15;
Mc1 = 10;
Mc2 = 3.7;





